18310
17971
228299
22372
21003
35434
5743
26470
29497
17928
34499
26371
35392
10893
227921
221476
10897
19317
10665
10583
10810
10584
18424
10586
219442
10818
44607
18480
11183
18778
221711
20727
14359
21859
11189
172784
17714
22164
22165
30296
11578
22001
11576
17640
28533
29639
17403
26367
21980
15213
10803
20685
10612
225916
10617
18418
10805
18393
270161
31216
13253
45826
10533
18477
35609
17781
18656
23014
17701
11208
32156
17905
14459
17411
21990
23879
22080
10607
26490
45450
33434
18469
27907
18454
34110
31244
10783
22388
218683
225274
22419
13430
10789
22381
18585
22141
22869
219470
224512
36373
20229
19295
220037
17972
176743
22518
26382
28650
10861
37649
18902
33209
12876
21235
21233
21041
18600
35060
34298
10554
45369
18357
10792
45893
46064
29011
18423
18857
45280
18420
8615
10582
20837
30277
11624
30279
251797
10627
31539
21225
39902
31334
11581
45384
17684
45382
17755
11538
11142
36671
228314
19105
21732
17952
17951
26440
26209
29642
36390
223799
19082
19933
34278
23535
10673
10672
31320
17615
21780
13184
17940
17942
35081
22296
18335
221453
11401
11400
11178
40538
225998
43834
17956
31140
42886
20815
18414
39967
224311
41063
220832
222304
11555
11554
36596
34661
26175
154639
14766
11414
26458
13076
26400
43558
39889
220934
227912
225708
31231
18435
21807
23372
36815
18360
